 -0.86918762901313129       -1.4999999999999999E-002
  0.86918763019053380        1.4999999999999999E-002
   1.0163782979863054        4.4999999999999998E-002
   1.0190354507846475        7.4999999999999997E-002
   1.0132383470941859       0.10500000000000000     
   1.0092191467279481       0.13500000000000001     
   1.0065047195602357       0.16499999999999998     
   1.0045493757781048       0.19500000000000001     
   1.0030468171091140       0.22499999999999998     
   1.0018247432422582       0.25500000000000000     
   1.0008135110837810       0.28499999999999998     
   1.0008135108476524       0.31500000000000000     
