   25.317722011632096       0.12258020678507191     
   76.427658808848577       0.11160243949414761     
   128.34342209806368        9.9947412445120329E-002
   180.49419002761752        8.9074745276529171E-002
   232.38786774518135        7.9129556279775470E-002
   285.18411683344169        6.9339079259452374E-002
   337.87598354871005        6.0506299042128744E-002
   390.15217824699153        5.2645843844704727E-002
   442.30556414989491        4.5366916065051478E-002
   496.42363536916207        3.9461264731848189E-002
