 -0.32325849525470507       -1.4999999999999999E-002
  0.32325849330251827        1.4999999999999999E-002
  0.77014826690792682        4.4999999999999998E-002
  0.97548607870977988        7.4999999999999997E-002
   1.0372497073967335       0.10500000000000000     
   1.0451023902508674       0.13500000000000001     
   1.0387951074756709       0.16499999999999998     
   1.0303135109465227       0.19500000000000001     
   1.0221823958240597       0.22499999999999998     
   1.0147167966199668       0.25500000000000000     
   1.0080522495660651       0.28499999999999998     
   1.0080522493090256       0.31500000000000000     
