 -0.71066709674408857       -1.4999999999999999E-002
  0.71066709791501581        1.4999999999999999E-002
  0.99416440611717627        4.4999999999999998E-002
   1.0313953715863857        7.4999999999999997E-002
   1.0272851977532982       0.10500000000000000     
   1.0205924500849077       0.13500000000000001     
   1.0152810781579868       0.16499999999999998     
   1.0110932907053372       0.19500000000000001     
   1.0076424461020275       0.22499999999999998     
   1.0046950305967570       0.25500000000000000     
   1.0021964449403871       0.28499999999999998     
   1.0021964445626756       0.31500000000000000     
