
   10.000000000000000       0.49192627601240946     
   15.000000000000000       0.29072870938861423     
   20.000000000000000       0.20334045228387065     
   25.000000000000000       0.16318667807898826     
   30.000000000000000       0.14045176156824052     
   35.000000000000000       0.12540123721248916     
   40.000000000000000       0.11448414011763938     
   45.000000000000000       0.10609092223794819     
   50.000000000000000        9.9371769336296281E-002
   55.000000000000000        9.3830379622419677E-002
   60.000000000000000        8.9155053894572706E-002
   65.000000000000000        8.5138889628958214E-002
   70.000000000000000        8.1638423520137227E-002
   75.000000000000000        7.8550608085219173E-002
   80.000000000000000        7.5799239155760464E-002
   85.000000000000000        7.3326569450873985E-002
   90.000000000000000        7.1087918968957220E-002
   95.000000000000000        6.9048093175370528E-002
   100.00000000000000        6.7178934374994878E-002
   105.00000000000000        6.5457604502448002E-002
   110.00000000000000        6.3865354698978152E-002
   115.00000000000000        6.2386626363882883E-002
   120.00000000000000        6.1008382974812501E-002
   125.00000000000000        5.9719605710823423E-002
   130.00000000000000        5.8510907388627617E-002
   135.00000000000000        5.7374233211318189E-002
   140.00000000000000        5.6302626132729953E-002
   145.00000000000000        5.5290040946861525E-002
   150.00000000000000        5.4331195560642517E-002
   155.00000000000000        5.3421450955070601E-002
   160.00000000000000        5.2556713505410795E-002
   165.00000000000000        5.1733354891252914E-002
   170.00000000000000        5.0948145965057971E-002
   175.00000000000000        5.0198201787250096E-002
   180.00000000000000        4.9480935661819520E-002
   185.00000000000000        4.8794020477765626E-002
   190.00000000000000        4.8135356019993553E-002
   195.00000000000000        4.7503041187991452E-002
   200.00000000000000        4.6895350272973410E-002
   205.00000000000000        4.6310712609598820E-002
   210.00000000000000        4.5747695048170403E-002
   215.00000000000000        4.5204986795755214E-002
   220.00000000000000        4.4681386256198462E-002
   225.00000000000000        4.4175789564222148E-002
   230.00000000000000        4.3687180561277884E-002
   235.00000000000000        4.3214622003280113E-002
   240.00000000000000        4.2757247824875624E-002
   245.00000000000000        4.2314256313127595E-002
   250.00000000000000        4.1884904066669122E-002
   255.00000000000000        4.1468500635499984E-002
   260.00000000000000        4.1064403752442004E-002
   265.00000000000000        4.0672015080445219E-002
   270.00000000000000        4.0290776410944383E-002
   275.00000000000000        3.9920166257694012E-002
   280.00000000000000        3.9559696798272731E-002
   285.00000000000000        3.9208911122006404E-002
   290.00000000000000        3.8867380748612360E-002
   295.00000000000000        3.8534703386587703E-002
   300.00000000000000        3.8210500904391015E-002
   305.00000000000000        3.7894417490906204E-002
   310.00000000000000        3.7586117984630067E-002
   315.00000000000000        3.7285286353562160E-002
   320.00000000000000        3.6991624309963743E-002
   325.00000000000000        3.6704850046044762E-002
   330.00000000000000        3.6424697078275454E-002
   335.00000000000000        3.6150913189445195E-002
   340.00000000000000        3.5883259458828504E-002
   345.00000000000000        3.5621509371901984E-002
   350.00000000000000        3.5365448002000657E-002
   355.00000000000000        3.5114871257132238E-002
   360.00000000000000        3.4869585185895474E-002
   365.00000000000000        3.4629405337089157E-002
   370.00000000000000        3.4394156168164408E-002
   375.00000000000000        3.4163670498170158E-002
   380.00000000000000        3.3937789001284142E-002
   385.00000000000000        3.3716359737412535E-002
   390.00000000000000        3.3499237716689848E-002
   395.00000000000000        3.3286284495017256E-002
   400.00000000000000        3.3077367798056201E-002
   405.00000000000000        3.2872361171336018E-002
   410.00000000000000        3.2671143654356923E-002
   415.00000000000000        3.2473599476764287E-002
   420.00000000000000        3.2279617774846114E-002
   425.00000000000000        3.2089092326764608E-002
   430.00000000000000        3.1901921305073772E-002
   435.00000000000000        3.1718007045203368E-002
   440.00000000000000        3.1537255828703474E-002
   445.00000000000000        3.1359577680149686E-002
   450.00000000000000        3.1184886176700687E-002
   455.00000000000000        3.1013098269386325E-002
   460.00000000000000        3.0844134115280353E-002
   465.00000000000000        3.0677916919782014E-002
   470.00000000000000        3.0514372788293404E-002
   475.00000000000000        3.0353430586637760E-002
   480.00000000000000        3.0195021809614926E-002
   485.00000000000000        3.0039080457139274E-002
   490.00000000000000        2.9885542917447189E-002
   495.00000000000000        2.9734347856901856E-002
   500.00000000000000        2.9585436115958774E-002
   505.00000000000000        2.9438750610888454E-002
