   5.3677756732003816       0.54071125999475633     
   16.649755201078623       0.31583153553049903     
   28.277980912825807       0.21199238989569061     
   39.934046224150670       0.16226947261529248     
   51.487445061996965       0.13521625383445349     
   62.980840974340730       0.11807026712152738     
   74.545353764557049       0.10568022426632830     
   85.875138424714876        9.6844732297360958E-002
   97.352110240631248        8.9499781163888681E-002
   108.61421306401608        8.3806832881823029E-002
   119.96782587179005        7.8855358284712268E-002
   131.13782020582488        7.4803700901272807E-002
   142.41573804590226        7.1132132887803193E-002
   153.46527513272059        6.8082034924100004E-002
   164.69776563582511        6.5186955332139598E-002
   175.68241521544019        6.2750229477355812E-002
   186.80806231646122        6.0426823380271472E-002
   197.80004433671274        5.8375430166689217E-002
   208.73989989772952        5.6506419662608921E-002
   219.74344515710115        5.4736810989163040E-002
   230.54620308783842        5.3180993194181049E-002
   241.50346623057754        5.1653698416173663E-002
   252.34582510634777        5.0266860319292707E-002
   263.07574829931360        4.9001143405576514E-002
   273.95096387793603        4.7751523782413721E-002
   284.66570457735367        4.6621870114515060E-002
   295.36065959401907        4.5553735573356791E-002
   306.12288580658435        4.4516426926360660E-002
   316.73697477594146        4.3568583309149603E-002
   327.37699613919744        4.2654660884567840E-002
   338.04793206727481        4.1771604128986742E-002
   348.58248719966247        4.0957133681388425E-002
   359.14978357573165        4.0166204314106918E-002
   369.74657858337008        3.9398484577031136E-002
   380.21778855564463        3.8684390070743008E-002
   390.69775862922950        3.7992475754009811E-002
   401.23364757016020        3.7312620212181805E-002
   411.65361189584746        3.6675266648232480E-002
   422.03524169729963        3.6063122266722314E-002
   432.52009425535579        3.5450965206580157E-002
   442.89735961986952        3.4872946117161435E-002
   453.17336784707811        3.4325129814907984E-002
   463.61382027186539        3.3766438584179444E-002
   473.95326975230347        3.3236772841827883E-002
   484.18607982263086        3.2736241876840967E-002
   494.52353192746961        3.2239023709708721E-002
   504.83291760010496        3.1771067509452369E-002
   515.05196841537975        3.1353576950759736E-002
   525.35548612077218        3.0977278752793398E-002
   535.75448999721846        3.0611964549885420E-002
