   5.0000000000000000       0.29694981610982490     
   10.000000000000000       0.20997522864335547     
   15.000000000000000       0.17144405626681727     
   20.000000000000000       0.14847490805491245     
   25.000000000000000       0.13279999494552613     
   30.000000000000000       0.12122925478039451     
   35.000000000000000       0.11223648075613690     
   40.000000000000000       0.10498761432167773     
   45.000000000000000        9.8983272036608297E-002
   50.000000000000000        9.3903776967520752E-002
   55.000000000000000        8.9533738327392962E-002
   60.000000000000000        8.5722028133408637E-002
   65.000000000000000        8.2359060632582790E-002
   70.000000000000000        7.9363176639177843E-002
   75.000000000000000        7.6672112830180439E-002
   80.000000000000000        7.4237454027456226E-002
   85.000000000000000        7.2020909254620527E-002
   90.000000000000000        6.9991742881118493E-002
   95.000000000000000        6.8124959985563852E-002
   100.00000000000000        6.6399997472763067E-002
   105.00000000000000        6.4799762377451900E-002
   110.00000000000000        6.3309913516281457E-002
   115.00000000000000        6.1918316910496242E-002
   120.00000000000000        6.0614627390197254E-002
   125.00000000000000        5.9389963221964978E-002
   130.00000000000000        5.8236650265453320E-002
   135.00000000000000        5.7148018755605760E-002
   140.00000000000000        5.6118240378068451E-002
   145.00000000000000        5.5142196524127295E-002
   150.00000000000000        5.4215370910120693E-002
   155.00000000000000        5.3333761409200368E-002
   160.00000000000000        5.2493807160838866E-002
   165.00000000000000        5.1692327924873833E-002
   170.00000000000000        5.0926473321163145E-002
   175.00000000000000        5.0193680105213821E-002
   180.00000000000000        4.9491636018304148E-002
   185.00000000000000        4.8818249048967283E-002
   190.00000000000000        4.8171621173854401E-002
   195.00000000000000        4.7550025826426381E-002
   200.00000000000000        4.6951888483760376E-002
   205.00000000000000        4.6375769874001146E-002
   210.00000000000000        4.5820351396373152E-002
   215.00000000000000        4.5284422417278154E-002
   220.00000000000000        4.4766869163696481E-002
   225.00000000000000        4.4266664981842042E-002
   230.00000000000000        4.3782861767069567E-002
   235.00000000000000        4.3314582402160962E-002
   240.00000000000000        4.2861014066704319E-002
   245.00000000000000        4.2421402301403552E-002
   250.00000000000000        4.1995045728671097E-002
   255.00000000000000        4.1581291345436769E-002
   260.00000000000000        4.1179530316291395E-002
   265.00000000000000        4.0789194205305052E-002
   270.00000000000000        4.0409751593464834E-002
   275.00000000000000        4.0040705035945791E-002
   280.00000000000000        3.9681588319588922E-002
   285.00000000000000        3.9331963986197767E-002
   290.00000000000000        3.8991421091731676E-002
   295.00000000000000        3.8659573175294011E-002
   300.00000000000000        3.8336056415090219E-002
   305.00000000000000        3.8020527951349192E-002
   310.00000000000000        3.7712664358630979E-002
   315.00000000000000        3.7412160252045627E-002
   320.00000000000000        3.7118727013728113E-002
   325.00000000000000        3.6832091627496386E-002
   330.00000000000000        3.6551995610997028E-002
   335.00000000000000        3.6278194035844320E-002
   340.00000000000000        3.6010454627310264E-002
   345.00000000000000        3.5748556936043563E-002
   350.00000000000000        3.5492291575104994E-002
   355.00000000000000        3.5241459516317776E-002
   360.00000000000000        3.4995871440559247E-002
   365.00000000000000        3.4755347137173917E-002
   370.00000000000000        3.4519714948178494E-002
   375.00000000000000        3.4288811253363458E-002
   380.00000000000000        3.4062479992781926E-002
   385.00000000000000        3.3840572223459132E-002
   390.00000000000000        3.3622945707461563E-002
   395.00000000000000        3.3409464528737165E-002
   400.00000000000000        3.3199998736381534E-002
   405.00000000000000        3.2994424012202761E-002
   410.00000000000000        3.2792621360653015E-002
   415.00000000000000        3.2594476819369562E-002
   420.00000000000000        3.2399881188725950E-002
   425.00000000000000        3.2208729778935033E-002
   430.00000000000000        3.2020922173373489E-002
   435.00000000000000        3.1836362006912144E-002
   440.00000000000000        3.1654956758140729E-002
   445.00000000000000        3.1476617554469281E-002
   450.00000000000000        3.1301258989173582E-002
   455.00000000000000        3.1128798949529145E-002
   460.00000000000000        3.0959158455248121E-002
   465.00000000000000        3.0792261506497106E-002
   470.00000000000000        3.0628034940831512E-002
   475.00000000000000        3.0466408298434767E-002
   480.00000000000000        3.0307313695098627E-002
   485.00000000000000        3.0150685702424410E-002
   490.00000000000000        2.9996461234765071E-002
   495.00000000000000        2.9844579442464318E-002
   500.00000000000000        2.9694981610982489E-002
   505.00000000000000        2.9547611065529313E-002
