  -5.4457914027737822E-002  -1.5000000000000000E-003
   5.4457914033157334E-002   1.5000000000000000E-003
  0.16234328200698570        4.5000000000000005E-003
  0.26903343668556884        7.4999999999999997E-003
  0.37398125452949482        1.0500000000000001E-002
  0.47633845107956008        1.3500000000000000E-002
  0.57499702913449902        1.6500000000000001E-002
  0.66865554519614401        1.9500000000000000E-002
  0.75591508982689082        2.2499999999999999E-002
  0.83540380222016386        2.5500000000000002E-002
  0.90591997306922512        2.8500000000000001E-002
  0.96657423466544956        3.1500000000000000E-002
   1.0169048404191761        3.4500000000000003E-002
   1.0569408688266302        3.7499999999999999E-002
   1.0871980811718820        4.0500000000000001E-002
   1.1086082592505029        4.3500000000000004E-002
   1.1223988495739332        4.6500000000000000E-002
   1.1299495816555114        4.9500000000000002E-002
   1.1326537756452151        5.2499999999999998E-002
   1.1318056813242181        5.5500000000000001E-002
   1.1285251113408901        5.8500000000000003E-002
   1.1237206956657870        6.1499999999999999E-002
   1.1180858344518259        6.4500000000000002E-002
   1.1121177408276002        6.7500000000000004E-002
   1.1061494367400257        7.0500000000000007E-002
   1.1003861387894716        7.3499999999999996E-002
   1.0949400011907680        7.6499999999999999E-002
   1.0898597706968081        7.9500000000000001E-002
   1.0851540207490953        8.2500000000000004E-002
   1.0808080702865122        8.5500000000000007E-002
   1.0767954876513048        8.8499999999999995E-002
   1.0730853799332341        9.1499999999999998E-002
   1.0696466499472201        9.4500000000000001E-002
   1.0664502207038811        9.7500000000000003E-002
   1.0634699903758318       0.10050000000000001     
   1.0606830544868524       0.10350000000000001     
   1.0580695465768273       0.10650000000000000     
   1.0556123114429763       0.10950000000000000     
   1.0532965315710432       0.11250000000000000     
   1.0511093680971919       0.11550000000000001     
   1.0490396426615312       0.11850000000000001     
   1.0470775674669324       0.12150000000000000     
   1.0452145215343933       0.12450000000000000     
   1.0434428673430904       0.12750000000000000     
   1.0417558011195094       0.13050000000000000     
   1.0401472304526371       0.13350000000000001     
   1.0386116738242719       0.13650000000000001     
   1.0371441776407417       0.13950000000000001     
   1.0357402472558499       0.14250000000000002     
   1.0343957892268980       0.14549999999999999     
   1.0331070626446535       0.14849999999999999     
   1.0318706378444413       0.15150000000000000     
   1.0306833611648527       0.15450000000000000     
   1.0295423246966975       0.15750000000000000     
   1.0284448401775956       0.16050000000000000     
   1.0273884163524352       0.16350000000000001     
   1.0263707392485126       0.16650000000000001     
   1.0253896549152874       0.16950000000000001     
   1.0244431542588062       0.17250000000000001     
   1.0235293596648538       0.17550000000000002     
   1.0226465131563633       0.17849999999999999     
   1.0217929658723122       0.18149999999999999     
   1.0209671686893445       0.18450000000000000     
   1.0201676638352366       0.18750000000000000     
   1.0193930773663633       0.19050000000000000     
   1.0186421124004410       0.19350000000000001     
   1.0179135430118498       0.19650000000000001     
   1.0172062087103617       0.19950000000000001     
   1.0165190094356902       0.20250000000000001     
   1.0158509010103987       0.20550000000000002     
   1.0152008910028105       0.20849999999999999     
   1.0145680349601518       0.21149999999999999     
   1.0139514329807515       0.21450000000000000     
   1.0133502266034482       0.21750000000000000     
   1.0127635960032593       0.22050000000000000     
   1.0121907574961271       0.22350000000000000     
   1.0116309613738041       0.22650000000000001     
   1.0110834901150296       0.22950000000000001     
   1.0105476570542706       0.23250000000000001     
   1.0100228056387406       0.23550000000000001     
   1.0095083094740527       0.23850000000000002     
   1.0090035734562974       0.24149999999999999     
   1.0085080364234453       0.24450000000000000     
   1.0080211759441939       0.24750000000000000     
   1.0075425161128635       0.25050000000000000     
   1.0070716395525381       0.25350000000000000     
   1.0066082052654546       0.25650000000000001     
   1.0061519745305609       0.25950000000000001     
   1.0057028477529870       0.26250000000000001     
   1.0052609160334980       0.26550000000000001     
   1.0048265322520900       0.26850000000000002     
   1.0044004076346758       0.27150000000000002     
   1.0039837410527281       0.27450000000000002     
   1.0035783896091046       0.27750000000000002     
   1.0031870902490365       0.28050000000000003     
   1.0028137429914703       0.28350000000000003     
   1.0024637666029930       0.28650000000000003     
   1.0021445367361639       0.28949999999999998     
   1.0018659142252049       0.29249999999999998     
   1.0016408667806700       0.29549999999999998     
   1.0014861800929002       0.29849999999999999     
   1.0014861801039179       0.30149999999999999     
