  -8.4775486661051169E-002  -1.5000000000000000E-003
   8.4775486635203262E-002   1.5000000000000000E-003
  0.25048747299496210        4.5000000000000005E-003
  0.41151113024383978        7.4999999999999997E-003
  0.56516646290712347        1.0500000000000001E-002
  0.70749633437772963        1.3500000000000000E-002
  0.83386488146954751        1.6500000000000001E-002
  0.93997936860408826        1.9500000000000000E-002
   1.0230823538745983        2.2499999999999999E-002
   1.0827714719014936        2.5500000000000002E-002
   1.1210472593583780        2.8500000000000001E-002
   1.1416463686429217        3.1500000000000000E-002
   1.1490528233064796        3.4500000000000003E-002
   1.1475997760904495        3.7499999999999999E-002
   1.1408934766411363        4.0500000000000001E-002
   1.1315910726745839        4.3500000000000004E-002
   1.1214419437422471        4.6500000000000000E-002
   1.1114681358224787        4.9500000000000002E-002
   1.1021811530354104        5.2499999999999998E-002
   1.0937736742107453        5.5500000000000001E-002
   1.0862619994125506        5.8500000000000003E-002
   1.0795789110137963        6.1499999999999999E-002
   1.0736274998290842        6.4500000000000002E-002
   1.0683086667244270        6.7500000000000004E-002
   1.0635329340512802        7.0500000000000007E-002
   1.0592239464384587        7.3499999999999996E-002
   1.0553181396344549        7.6499999999999999E-002
   1.0517629947157039        7.9500000000000001E-002
   1.0485150297941619        8.2500000000000004E-002
   1.0455379923390058        8.5500000000000007E-002
   1.0428013817289215        8.8499999999999995E-002
   1.0402792921739490        9.1499999999999998E-002
   1.0379495210564189        9.4500000000000001E-002
   1.0357928828489835        9.7500000000000003E-002
   1.0337926777619093       0.10050000000000001     
   1.0319342758812649       0.10350000000000001     
   1.0302047877653808       0.10650000000000000     
   1.0285928003486351       0.10950000000000000     
   1.0270881627583279       0.11250000000000000     
   1.0256818107615056       0.11550000000000001     
   1.0243656214806571       0.11850000000000001     
   1.0231322921045987       0.12150000000000000     
   1.0219752378271363       0.12450000000000000     
   1.0208885053464400       0.12750000000000000     
   1.0198666990722329       0.13050000000000000     
   1.0189049177978065       0.13350000000000001     
   1.0179987000561848       0.13650000000000001     
   1.0171439767339836       0.13950000000000001     
   1.0163370297906684       0.14250000000000002     
   1.0155744561451114       0.14549999999999999     
   1.0148531359601269       0.14849999999999999     
   1.0141702046897640       0.15150000000000000     
   1.0135230283614916       0.15450000000000000     
   1.0129091816519880       0.15750000000000000     
   1.0123264283855222       0.16050000000000000     
   1.0117727041413471       0.16350000000000001     
   1.0112461007037508       0.16650000000000001     
   1.0107448521274462       0.16950000000000001     
   1.0102673222234555       0.17250000000000001     
   1.0098119932977772       0.17550000000000002     
   1.0093774559979221       0.17849999999999999     
   1.0089624001416440       0.18149999999999999     
   1.0085656064185067       0.18450000000000000     
   1.0081859388687937       0.18750000000000000     
   1.0078223380561699       0.19050000000000000     
   1.0074738148606537       0.19350000000000001     
   1.0071394448272530       0.19650000000000001     
   1.0068183630131815       0.19950000000000001     
   1.0065097592831553       0.20250000000000001     
   1.0062128740079788       0.20550000000000002     
   1.0059269941266351       0.20849999999999999     
   1.0056514495364810       0.21149999999999999     
   1.0053856097800424       0.21450000000000000     
   1.0051288810003864       0.21750000000000000     
   1.0048807031402565       0.22050000000000000     
   1.0046405473632289       0.22350000000000000     
   1.0044079136782831       0.22650000000000001     
   1.0041823287527087       0.22950000000000001     
   1.0039633439027422       0.23250000000000001     
   1.0037505332575005       0.23550000000000001     
   1.0035434921011905       0.23850000000000002     
   1.0033418354133505       0.24149999999999999     
   1.0031451966507992       0.24450000000000000     
   1.0029532268538024       0.24750000000000000     
   1.0027655942218261       0.25050000000000000     
   1.0025819844051200       0.25350000000000000     
   1.0024021019182809       0.25650000000000001     
   1.0022256733317843       0.25950000000000001     
   1.0020524532816388       0.26250000000000001     
   1.0018822349176475       0.26550000000000001     
   1.0017148672705862       0.26850000000000002     
   1.0015502832658996       0.27150000000000002     
   1.0013885438787922       0.27450000000000002     
   1.0012299063645032       0.27750000000000002     
   1.0010749277633220       0.28050000000000003     
   1.0009246191004999       0.28350000000000003     
   1.0007806709252449       0.28650000000000003     
   1.0006457769503934       0.28949999999999998     
   1.0005240891869795       0.29249999999999998     
   1.0004218443343353       0.29549999999999998     
   1.0003482059548925       0.29849999999999999     
   1.0003482059531443       0.30149999999999999     
