  -2.8454655324964155E-002  -1.5000000000000000E-003
   2.8454655301562923E-002   1.5000000000000000E-003
   8.5992923740296795E-002   4.5000000000000005E-003
  0.14397780571454924        7.4999999999999997E-003
  0.20219177331766519        1.0500000000000001E-002
  0.26044858144073063        1.3500000000000000E-002
  0.31856034405968464        1.6500000000000001E-002
  0.37632164462899836        1.9500000000000000E-002
  0.43350242071016382        2.2499999999999999E-002
  0.48984633625260277        2.5500000000000002E-002
  0.54507306585729043        2.8500000000000001E-002
  0.59888350242108856        3.1500000000000000E-002
  0.65096713718471388        3.4500000000000003E-002
  0.70101099445306281        3.7499999999999999E-002
  0.74870958361804785        4.0500000000000001E-002
  0.79377536064030119        4.3500000000000004E-002
  0.83594917723482776        4.6500000000000000E-002
  0.87501016152090283        4.9500000000000002E-002
  0.91078444926300395        5.2499999999999998E-002
  0.94315219748874679        5.5500000000000001E-002
  0.97205237966545188        5.8500000000000003E-002
  0.99748498835448973        6.1499999999999999E-002
   1.0195104492801874        6.4500000000000002E-002
   1.0382462615095212        6.7500000000000004E-002
   1.0538610965985629        7.0500000000000007E-002
   1.0665667876474081        7.3499999999999996E-002
   1.0766087925378411        7.6499999999999999E-002
   1.0842558065644217        7.9500000000000001E-002
   1.0897892202963342        8.2500000000000004E-002
   1.0934930713002002        8.5500000000000007E-002
   1.0956450348449027        8.8499999999999995E-002
   1.0965088566656782        9.1499999999999998E-002
   1.0963284707604009        9.4500000000000001E-002
   1.0953238867735493        9.7500000000000003E-002
   1.0936887911040474       0.10050000000000001     
   1.0915896946870725       0.10350000000000001     
   1.0891663840910470       0.10650000000000000     
   1.0865333916294702       0.10950000000000000     
   1.0837821910364802       0.11250000000000000     
   1.0809838416513657       0.11550000000000001     
   1.0781918385042717       0.11850000000000001     
   1.0754449706573757       0.12150000000000000     
   1.0727700389491164       0.12450000000000000     
   1.0701843316166786       0.12750000000000000     
   1.0676977984321685       0.13050000000000000     
   1.0653148988258156       0.13350000000000001     
   1.0630361261565204       0.13650000000000001     
   1.0608592290139605       0.13950000000000001     
   1.0587801620696766       0.14250000000000002     
   1.0567938047895344       0.14549999999999999     
   1.0548944876602093       0.14849999999999999     
   1.0530763638010310       0.15150000000000000     
   1.0513336600973053       0.15450000000000000     
   1.0496608372462921       0.15750000000000000     
   1.0480526830590589       0.16050000000000000     
   1.0465043584956206       0.16350000000000001     
   1.0450114115240643       0.16650000000000001     
   1.0435697701361433       0.16950000000000001     
   1.0421757227645505       0.17250000000000001     
   1.0408258919024609       0.17550000000000002     
   1.0395172048544670       0.17849999999999999     
   1.0382468641610740       0.18149999999999999     
   1.0370123192442240       0.18450000000000000     
   1.0358112401324084       0.18750000000000000     
   1.0346414936655302       0.19050000000000000     
   1.0335011222895363       0.19350000000000001     
   1.0323883253798281       0.19650000000000001     
   1.0313014429431768       0.19950000000000001     
   1.0302389415130124       0.20250000000000001     
   1.0291994020531985       0.20550000000000002     
   1.0281815097077320       0.20849999999999999     
   1.0271840452697463       0.21149999999999999     
   1.0262058782877301       0.21450000000000000     
   1.0252459617771905       0.21750000000000000     
   1.0243033285608729       0.22050000000000000     
   1.0233770893198368       0.22350000000000000     
   1.0224664325013768       0.22650000000000001     
   1.0215706262983884       0.22950000000000001     
   1.0206890229885843       0.23250000000000001     
   1.0198210660009364       0.23550000000000001     
   1.0189663001601952       0.23850000000000002     
   1.0181243856469127       0.24149999999999999     
   1.0172951162976391       0.24450000000000000     
   1.0164784429541949       0.24750000000000000     
   1.0156745026470897       0.25050000000000000     
   1.0148836544596866       0.25350000000000000     
   1.0141065229584696       0.25650000000000001     
   1.0133440500812991       0.25950000000000001     
   1.0125975563393672       0.26250000000000001     
   1.0118688120990345       0.26550000000000001     
   1.0111601195570583       0.26850000000000002     
   1.0104744057995700       0.27150000000000002     
   1.0098153270375374       0.27450000000000002     
   1.0091873837361065       0.27750000000000002     
   1.0085960458819150       0.28050000000000003     
   1.0080478869593799       0.28350000000000003     
   1.0075507239578949       0.28650000000000003     
   1.0071137577632654       0.28949999999999998     
   1.0067477006046062       0.29249999999999998     
   1.0064648580358970       0.29549999999999998     
   1.0062790891761628       0.29849999999999999     
   1.0062790891432807       0.30149999999999999     
