   6.9443981993777149E-310   0.0000000000000000     
   4.4361414207493344E-002   3.0000000000000001E-003
   8.8722738487849770E-002   6.0000000000000001E-003
  0.13305689508935972        9.0000000000000011E-003
  0.17731874337601508        1.2000000000000000E-002
  0.22144526203800532        1.4999999999999999E-002
  0.26535598583516884        1.8000000000000002E-002
  0.30895377778569100        2.1000000000000001E-002
  0.35212600911769870        2.4000000000000000E-002
  0.39474620502381624        2.7000000000000000E-002
  0.43667619359526244        2.9999999999999999E-002
  0.47776876816297037        3.3000000000000002E-002
  0.51787084034145436        3.6000000000000004E-002
  0.55682702400266892        3.9000000000000000E-002
  0.59448355181799861        4.2000000000000003E-002
  0.63069238934919625        4.4999999999999998E-002
  0.66531538091146492        4.8000000000000001E-002
  0.69822824056194066        5.1000000000000004E-002
  0.72932419398313220        5.3999999999999999E-002
  0.75851708492421510        5.7000000000000002E-002
  0.78574378372123910        5.9999999999999998E-002
  0.81096577377709833        6.3000000000000000E-002
  0.83416984140987904        6.6000000000000003E-002
  0.85536785038649255        6.9000000000000006E-002
  0.87459563918629502        7.2000000000000008E-002
  0.89191113105917330        7.4999999999999997E-002
  0.90739178953095012        7.8000000000000000E-002
  0.92113158183506716        8.1000000000000003E-002
  0.93323762818808786        8.4000000000000005E-002
  0.94382671597305223        8.7000000000000008E-002
  0.95302184632323117        8.9999999999999997E-002
  0.96094895894843302        9.2999999999999999E-002
  0.96773395253504746        9.6000000000000002E-002
  0.97350008601011950        9.9000000000000005E-002
  0.97836581344942197       0.10200000000000001     
  0.98244307495541972       0.10500000000000000     
  0.98583603928414010       0.10800000000000000     
  0.98864027250582720       0.11100000000000000     
  0.99094229103637343       0.11400000000000000     
  0.99281944692350754       0.11700000000000001     
  0.99434008785150518       0.12000000000000000     
  0.99556393320662728       0.12300000000000000     
  0.99654260984389609       0.12600000000000000     
  0.99732029599791727       0.12900000000000000     
  0.99793442821413370       0.13200000000000001     
  0.99841643347042897       0.13500000000000001     
  0.99879245617368029       0.13800000000000001     
  0.99908405695912117       0.14100000000000001     
  0.99930886684333298       0.14400000000000002     
  0.99948118606610814       0.14699999999999999     
  0.99961252179507110       0.14999999999999999     
  0.99971206274065172       0.15300000000000000     
  0.99978709168375379       0.15600000000000000     
  0.99984333904385481       0.15900000000000000     
  0.99988528202605109       0.16200000000000001     
  0.99991639470675397       0.16500000000000001     
  0.99993935477321649       0.16800000000000001     
  0.99995621263695678       0.17100000000000001     
  0.99996852839678785       0.17400000000000002     
  0.99997748171896716       0.17699999999999999     
  0.99998395919876604       0.17999999999999999     
  0.99998862322265669       0.18300000000000000     
  0.99999196580234595       0.18600000000000000     
  0.99999435032805972       0.18900000000000000     
  0.99999604370599204       0.19200000000000000     
  0.99999724091319087       0.19500000000000001     
  0.99999808362613196       0.19800000000000001     
  0.99999867425654843       0.20100000000000001     
  0.99999908645669622       0.20400000000000001     
  0.99999937293159369       0.20700000000000002     
  0.99999957121233185       0.20999999999999999     
  0.99999970789673975       0.21299999999999999     
  0.99999980174590997       0.21600000000000000     
  0.99999986593230461       0.21900000000000000     
  0.99999990966278529       0.22200000000000000     
  0.99999993934398623       0.22500000000000001     
  0.99999995941463704       0.22800000000000001     
  0.99999997293693887       0.23100000000000001     
  0.99999998201462148       0.23400000000000001     
  0.99999998808701951       0.23700000000000002     
  0.99999999213493662       0.23999999999999999     
  0.99999999482408075       0.24299999999999999     
  0.99999999660454120       0.24600000000000000     
  0.99999999777946724       0.24900000000000000     
  0.99999999855227673       0.25200000000000000     
  0.99999999905896653       0.25500000000000000     
  0.99999999939013029       0.25800000000000001     
  0.99999999960590347       0.26100000000000001     
  0.99999999974606513       0.26400000000000001     
  0.99999999983683918       0.26700000000000002     
  0.99999999989545563       0.27000000000000002     
  0.99999999993319855       0.27300000000000002     
  0.99999999995743316       0.27600000000000002     
  0.99999999997295463       0.27900000000000003     
  0.99999999998287381       0.28200000000000003     
  0.99999999998920663       0.28500000000000003     
  0.99999999999325806       0.28800000000000003     
  0.99999999999587708       0.29099999999999998     
  0.99999999999762623       0.29399999999999998     
  0.99999999999889821       0.29699999999999999     
   1.0000000000000000       0.29999999999999999     
