   6.9443981993777149E-310   0.0000000000000000     
  0.10100211867550328        3.0000000000000001E-003
  0.20198939666577448        6.0000000000000001E-003
  0.30212008386143929        9.0000000000000011E-003
  0.39999559873040269        1.2000000000000000E-002
  0.49377096999131609        1.4999999999999999E-002
  0.58139675928591794        1.8000000000000002E-002
  0.66096436600862529        2.1000000000000001E-002
  0.73104870015616652        2.4000000000000000E-002
  0.79092457871017685        2.7000000000000000E-002
  0.84059976470957598        2.9999999999999999E-002
  0.88069521922211946        3.3000000000000002E-002
  0.91224789035531872        3.6000000000000004E-002
  0.93650648120337143        3.9000000000000000E-002
  0.95476287957570261        4.2000000000000003E-002
  0.96823474791855446        4.4999999999999998E-002
  0.97799726770315343        4.8000000000000001E-002
  0.98495395472398917        5.1000000000000004E-002
  0.98983457023447752        5.3999999999999999E-002
  0.99320942512458354        5.7000000000000002E-002
  0.99551182844205643        5.9999999999999998E-002
  0.99706299372358331        6.3000000000000000E-002
  0.99809590133124926        6.6000000000000003E-002
  0.99877626784692319        6.9000000000000006E-002
  0.99921990821197171        7.2000000000000008E-002
  0.99950648004647169        7.4999999999999997E-002
  0.99968998105202744        7.8000000000000000E-002
  0.99980653201119229        8.1000000000000003E-002
  0.99988000347104911        8.4000000000000005E-002
  0.99992599564869500        8.7000000000000008E-002
  0.99995460012625326        8.9999999999999997E-002
  0.99997228399372107        9.2999999999999999E-002
  0.99998315598818577        9.6000000000000002E-002
  0.99998980586279040        9.9000000000000005E-002
  0.99999385406515506       0.10200000000000001     
  0.99999630774104942       0.10500000000000000     
  0.99999778899717395       0.10800000000000000     
  0.99999867992694480       0.11100000000000000     
  0.99999921398762759       0.11400000000000000     
  0.99999953313890233       0.11700000000000001     
  0.99999972332482279       0.12000000000000000     
  0.99999983636822165       0.12300000000000000     
  0.99999990340282030       0.12600000000000000     
  0.99999994307030127       0.12900000000000000     
  0.99999996649856526       0.13200000000000001     
  0.99999998031185344       0.13500000000000001     
  0.99999998844354554       0.13800000000000001     
  0.99999999322391142       0.14100000000000001     
  0.99999999603064738       0.14400000000000002     
  0.99999999767676440       0.14699999999999999     
  0.99999999864124145       0.14999999999999999     
  0.99999999920584459       0.15300000000000000     
  0.99999999953610774       0.15600000000000000     
  0.99999999972916254       0.15900000000000000     
  0.99999999984194532       0.16200000000000001     
  0.99999999990779842       0.16500000000000001     
  0.99999999994623201       0.16800000000000001     
  0.99999999996865430       0.17100000000000001     
  0.99999999998173061       0.17400000000000002     
  0.99999999998935429       0.17699999999999999     
  0.99999999999379785       0.17999999999999999     
  0.99999999999638722       0.18300000000000000     
  0.99999999999789591       0.18600000000000000     
  0.99999999999877454       0.18900000000000000     
  0.99999999999928602       0.19200000000000000     
  0.99999999999958411       0.19500000000000001     
  0.99999999999975775       0.19800000000000001     
  0.99999999999985922       0.20100000000000001     
  0.99999999999991807       0.20400000000000001     
  0.99999999999995226       0.20700000000000002     
  0.99999999999997213       0.20999999999999999     
  0.99999999999998368       0.21299999999999999     
  0.99999999999999056       0.21600000000000000     
  0.99999999999999445       0.21900000000000000     
  0.99999999999999656       0.22200000000000000     
  0.99999999999999789       0.22500000000000001     
  0.99999999999999889       0.22800000000000001     
  0.99999999999999944       0.23100000000000001     
  0.99999999999999956       0.23400000000000001     
  0.99999999999999956       0.23700000000000002     
  0.99999999999999967       0.23999999999999999     
  0.99999999999999978       0.24299999999999999     
  0.99999999999999978       0.24600000000000000     
  0.99999999999999978       0.24900000000000000     
  0.99999999999999978       0.25200000000000000     
  0.99999999999999978       0.25500000000000000     
   1.0000000000000000       0.25800000000000001     
  0.99999999999999989       0.26100000000000001     
  0.99999999999999978       0.26400000000000001     
  0.99999999999999978       0.26700000000000002     
  0.99999999999999978       0.27000000000000002     
  0.99999999999999978       0.27300000000000002     
  0.99999999999999989       0.27600000000000002     
   1.0000000000000000       0.27900000000000003     
   1.0000000000000002       0.28200000000000003     
   1.0000000000000002       0.28500000000000003     
   1.0000000000000002       0.28800000000000003     
   1.0000000000000002       0.29099999999999998     
   1.0000000000000002       0.29399999999999998     
   1.0000000000000000       0.29699999999999999     
   1.0000000000000000       0.29999999999999999     
