   6.9443981993777149E-310   0.0000000000000000     
   7.0359449596561111E-002   3.0000000000000001E-003
  0.14071738298916683        6.0000000000000001E-003
  0.21089393121210243        9.0000000000000011E-003
  0.28058918541194977        1.2000000000000000E-002
  0.34938889406274931        1.4999999999999999E-002
  0.41677788087180861        1.8000000000000002E-002
  0.48216306102881656        2.1000000000000001E-002
  0.54490658777499090        2.4000000000000000E-002
  0.60436767325319707        2.7000000000000000E-002
  0.65994934964960983        2.9999999999999999E-002
  0.71114452998896338        3.3000000000000002E-002
  0.75757494620819832        3.6000000000000004E-002
  0.79901735351272418        3.9000000000000000E-002
  0.83541366766506653        4.2000000000000003E-002
  0.86686473081564408        4.4999999999999998E-002
  0.89361022607070861        4.8000000000000001E-002
  0.91599913072954098        5.1000000000000004E-002
  0.93445572875336924        5.3999999999999999E-002
  0.94944575571406697        5.7000000000000002E-002
  0.96144613140830959        5.9999999999999998E-002
  0.97092038294378835        6.3000000000000000E-002
  0.97830060444728306        6.6000000000000003E-002
  0.98397582141584439        6.9000000000000006E-002
  0.98828598457782657        7.2000000000000008E-002
  0.99152048393643932        7.4999999999999997E-002
  0.99391998191139208        7.8000000000000000E-002
  0.99568043816350471        8.1000000000000003E-002
  0.99695836769680946        8.4000000000000005E-002
  0.99787658285398662        8.7000000000000008E-002
  0.99852988005284482        8.9999999999999997E-002
  0.99899031975007202        9.2999999999999999E-002
  0.99931190136057313        9.6000000000000002E-002
  0.99953455054911122        9.9000000000000005E-002
  0.99968741683751261       0.10200000000000001     
  0.99979153023996692       0.10500000000000000     
  0.99986189319207797       0.10800000000000000     
  0.99990909481018897       0.11100000000000000     
  0.99994053412163386       0.11400000000000000     
  0.99996133183198110       0.11700000000000001     
  0.99997499976500748       0.12000000000000000     
  0.99998392560430927       0.12300000000000000     
  0.99998971941282999       0.12600000000000000     
  0.99999345840105902       0.12900000000000000     
  0.99999585790394596       0.13200000000000001     
  0.99999738957151385       0.13500000000000001     
  0.99999836227251493       0.13800000000000001     
  0.99999897696548701       0.14100000000000001     
  0.99999936359113517       0.14400000000000002     
  0.99999960567358559       0.14699999999999999     
  0.99999975659825890       0.14999999999999999     
  0.99999985030331451       0.15300000000000000     
  0.99999990825296170       0.15600000000000000     
  0.99999994395560998       0.15900000000000000     
  0.99999996587288686       0.16200000000000001     
  0.99999997928143713       0.16500000000000001     
  0.99999998745773389       0.16800000000000001     
  0.99999999242799920       0.17100000000000001     
  0.99999999544043061       0.17400000000000002     
  0.99999999726111288       0.17699999999999999     
  0.99999999835858455       0.17999999999999999     
  0.99999999901845049       0.18300000000000000     
  0.99999999941425455       0.18600000000000000     
  0.99999999965113273       0.18900000000000000     
  0.99999999979259635       0.19200000000000000     
  0.99999999987690891       0.19500000000000001     
  0.99999999992706490       0.19800000000000001     
  0.99999999995684896       0.20100000000000001     
  0.99999999997450617       0.20400000000000001     
  0.99999999998495803       0.20700000000000002     
  0.99999999999113554       0.20999999999999999     
  0.99999999999478184       0.21299999999999999     
  0.99999999999693134       0.21600000000000000     
  0.99999999999819700       0.21900000000000000     
  0.99999999999894174       0.22200000000000000     
  0.99999999999937916       0.22500000000000001     
  0.99999999999963607       0.22800000000000001     
  0.99999999999978662       0.23100000000000001     
  0.99999999999987499       0.23400000000000001     
  0.99999999999992673       0.23700000000000002     
  0.99999999999995692       0.23999999999999999     
  0.99999999999997480       0.24299999999999999     
  0.99999999999998535       0.24600000000000000     
  0.99999999999999145       0.24900000000000000     
  0.99999999999999523       0.25200000000000000     
  0.99999999999999734       0.25500000000000000     
  0.99999999999999845       0.25800000000000001     
  0.99999999999999944       0.26100000000000001     
   1.0000000000000000       0.26400000000000001     
   1.0000000000000000       0.26700000000000002     
   1.0000000000000000       0.27000000000000002     
  0.99999999999999989       0.27300000000000002     
  0.99999999999999989       0.27600000000000002     
   1.0000000000000000       0.27900000000000003     
   1.0000000000000000       0.28200000000000003     
   1.0000000000000000       0.28500000000000003     
   1.0000000000000000       0.28800000000000003     
   1.0000000000000000       0.29099999999999998     
   1.0000000000000000       0.29399999999999998     
   1.0000000000000000       0.29699999999999999     
   1.0000000000000000       0.29999999999999999     
